[ Weight U ]

4.0000000000 1.0000000000 -1.0000000000 

-2.0000000000 -4.0000000000 -1.0000000000 

1.0000000000 -2.0000000000 -2.0000000000 

[ Weight W ]

-4.0000000000 1.0000000000 -2.0000000000 

-1.0000000000 2.0000000000 1.0000000000 

2.0000000000 1.0000000000 4.0000000000 

[ Weight V ]

1.0000000000 -2.0000000000 -1.0000000000 

2.0000000000 -1.0000000000 -1.0000000000 

-1.0000000000 -4.0000000000 -1.0000000000 

[ Input ]

X_1 : -4.0000000000 2.0000000000 -1.0000000000 

X_2 : 2.0000000000 2.0000000000 -1.0000000000 

X_3 : -2.0000000000 -1.0000000000 2.0000000000 

H_0 : -1.0000000000 -1.0000000000 -2.0000000000 

