39 6 41 2 0
26315 2 31 41
13 58 43 3 640
25355 2 25 194
20 56 27 1 900
13555 3 27 46
35 51 31 0 0
29424 1 13 13
55 49 24 3 200
31597 1 55 23
24 41 30 2 920
20732 3 20 155
52 20 17 3 200
7090 2 52 61
28 7 48 2 1160
28329 2 57 252
39 62 1 2 1820
30408 3 52 150
15 56 28 1 2720
35030 1 3 50
47 60 20 2 1060
59603 2 26 26
62 3 59 3 820
63402 3 13 209
38 5 60 3 140
45495 3 63 97
9 57 28 0 0
10926 1 46 149
49 43 49 2 1900
55043 1 53 233
33 58 37 2 860
54535 3 29 71
36 61 31 0 0
18690 1 53 123
36 5 20 3 580
22153 3 34 121
35 59 48 2 220
52209 3 29 220
42 20 44 2 900
18978 1 1 51
13 35 16 3 280
4889 2 24 111
34 25 58 2 600
32133 1 17 26
28 63 35 1 1480
27062 2 26 19
53 10 14 3 800
52932 1 19 121
13 61 52 2 1520
65222 3 36 203
44 5 44 3 420
18279 3 8 85
34 62 48 1 1760
60253 2 12 211
54 20 51 3 60
16454 2 14 79
50 21 9 3 640
3178 3 58 112
20 50 10 2 880
14300 1 3 188
21 14 24 3 280
22844 3 34 142
12 23 45 3 80
13708 2 12 196
51 47 13 0 0
53860 1 7 173
20 54 7 2 1680
42480 1 62 196
48 54 32 1 2080
27170 2 22 7
4 52 44 0 0
59081 3 45 134
3 62 5 3 180
13673 2 63 183
25 16 35 3 660
9131 3 7 247
30 32 50 3 580
23310 3 27 1
62 52 60 3 700
43046 2 10 230
35 16 26 1 1140
51572 3 4 126
17 37 51 2 2080
31007 3 2 251
49 25 16 3 240
56892 2 54 188
41 37 37 1 2120
9597 2 48 94
19 32 42 3 880
36878 2 49 84
24 53 40 1 2560
56700 1 22 217
40 7 53 3 600
61858 1 47 98
0 41 4 2 1380
33647 3 47 87
25 19 17 3 260
13554 1 18 236
23 36 5 0 0
28950 1 18 241
60 0 60 1 40
43826 2 45 218
33 11 35 0 0
18654 1 25 180
41 47 58 0 0
44215 3 6 147
44 7 31 2 860
34625 1 57 141
47 15 9 3 840
11503 3 49 199
36 36 3 3 820
26767 2 4 236
5 57 2 3 860
46028 1 28 119
9 17 37 3 920
22586 1 24 170
2 10 44 1 620
37582 1 6 104
58 44 58 2 500
25214 3 55 153
50 2 55 3 120
37354 3 38 201
3 0 30 2 40
60416 3 10 215
42 25 45 2 2100
47173 3 52 139
0 34 22 3 780
6150 1 25 228
25 13 5 0 0
1575 1 18 255
9 42 25 1 880
17289 2 10 21
2 7 33 3 940
30924 2 12 252
50 1 13 3 420
45582 2 62 73
15 49 11 3 960
43009 2 16 118
42 62 36 3 640
61493 3 39 254
3 27 39 3 500
25183 3 37 78
50 61 57 2 2400
48650 1 37 164
60 2 52 1 2560
5176 1 35 243
1 13 48 2 2080
29437 3 26 153
16 27 23 1 1800
41312 2 55 97
3 17 60 3 80
62474 2 7 171
14 21 24 3 780
4263 2 39 246
61 62 5 2 80
43543 1 22 175
2 6 57 0 0
31351 1 54 112
23 30 12 2 1160
42586 3 2 27
1 7 13 1 3460
1403 3 19 161
36 35 15 3 900
44704 1 24 53
33 21 21 3 20
23381 3 32 188
55 45 30 2 680
44629 3 11 226
43 29 36 3 140
20680 3 33 26
46 43 38 3 500
45111 1 42 168
44 59 42 3 360
12498 2 56 71
43 38 14 3 140
5033 1 16 108
58 59 0 2 2140
64689 3 31 248
54 7 22 3 700
19775 2 59 4
32 34 10 2 2280
31149 1 10 3
32 13 34 3 280
16809 3 57 135
56 22 21 3 820
6846 1 47 15
24 50 43 3 780
44015 3 12 90
24 48 53 0 0
17852 2 51 93
9 26 42 0 0
9582 2 33 183
19 7 20 3 820
24405 1 23 78
14 54 27 3 380
26972 3 50 107
40 49 46 3 200
7177 2 49 220
34 28 23 1 1080
5904 1 8 79
17 60 51 0 0
45530 2 7 192
26 49 13 1 3940
61720 1 40 91
60 2 27 2 940
30597 2 58 87
2 20 4 3 120
31209 1 29 181
18 0 48 1 160
36847 2 43 253
22 3 8 2 1380
59472 1 3 168
10 7 30 1 2680
6301 1 54 87
59 29 46 1 1640
23100 1 38 73
1 34 32 0 0
32538 2 48 105
35 17 54 3 20
40569 2 25 34
40 11 8 2 1200
30518 3 41 244
9 62 21 2 740
18858 2 6 21
37 11 28 1 20
28815 3 26 39
6 37 63 2 900
63060 3 48 44
53 36 60 3 680
60450 3 25 2
21 39 42 3 640
16842 2 29 100
53 33 43 1 2600
58476 1 9 30
37 2 40 2 900
17103 2 15 59
7 32 52 2 20
14619 1 40 104
42 40 3 0 0
19917 3 60 57
12 10 20 2 1260
2991 2 63 138
22 30 23 0 0
6923 2 28 141
41 14 41 0 0
45241 2 27 87
20 23 53 3 20
32324 1 6 67
33 4 60 3 80
11065 2 4 158
13 12 61 3 0
50508 2 29 196
34 19 12 3 360
1513 1 6 52
29 38 15 2 1680
17781 1 24 104
36 29 27 2 1840
32197 2 57 1
38 4 3 3 560
37329 2 61 255
25 15 32 3 160
24070 1 9 141
48 42 21 3 260
60410 1 1 157
28 17 46 0 0
27757 2 59 98
24 55 24 3 980
13584 2 48 191
53 28 28 3 700
3641 3 4 102
60 49 26 3 860
63424 2 40 19
21 47 52 3 240
62927 2 13 226
2 9 56 0 0
51990 3 34 1
63 43 47 2 2440
17237 3 27 56
62 34 22 2 120
17757 1 55 163
50 21 51 3 980
40997 3 25 54
58 4 20 0 0
39091 2 26 1
16 21 49 2 1380
21149 3 26 171
19 15 21 0 0
20566 3 8 101
58 9 26 2 1760
29770 2 32 165
43 0 36 3 640
46333 3 51 113
56 34 15 3 780
32908 2 58 159
29 42 49 2 2360
59216 3 4 115
44 9 48 3 300
44302 1 4 242
43 53 37 2 1880
63116 3 16 77
52 56 45 2 200
32694 3 27 25
47 33 12 3 280
64274 2 45 172
35 41 31 2 860
37470 1 20 204
21 21 34 0 0
7114 3 62 155
61 46 47 1 3060
38200 3 54 186
17 15 40 1 500
42691 3 45 90
57 31 4 3 780
30168 3 43 61
36 40 13 3 560
42721 3 45 195
13 17 22 2 2080
14304 2 20 226
59 46 61 1 3640
6046 2 28 136
52 7 22 3 740
35221 2 54 101
57 26 16 3 500
59493 1 19 196
57 32 24 0 0
12413 1 3 49
46 52 11 3 840
5927 3 59 176
13 18 46 2 1040
63607 3 32 100
59 41 55 3 740
21690 1 58 139
39 13 35 1 2820
42759 1 44 20
34 56 40 1 2620
55346 2 43 50
39 18 57 0 0
47478 1 29 57
16 50 5 2 640
44368 2 54 196
30 56 39 1 1700
53251 1 3 27
51 47 27 1 3480
59216 3 32 142
19 61 16 1 3560
7381 3 29 0
61 6 33 1 3100
34797 2 48 37
49 7 26 2 740
51975 1 42 170
42 50 4 2 220
28091 1 9 78
11 35 49 1 2820
49599 1 45 28
6 10 53 3 0
26408 1 51 183
14 48 36 3 20
18882 2 12 27
62 26 44 3 20
1925 3 19 112
54 31 18 2 2300
10916 3 39 152
4 22 33 3 660
39283 1 37 107
53 26 61 3 200
17069 2 58 61
12 36 47 1 1580
36932 3 26 179
42 51 4 2 360
20794 3 8 190
53 17 27 3 940
51483 2 34 14
52 19 51 1 1080
34051 2 9 177
48 41 29 3 880
9955 2 37 200
1 58 59 3 60
19870 2 10 19
17 44 41 0 0
41845 3 63 19
27 42 52 2 2220
19206 2 19 8
51 10 47 3 800
38739 1 61 113
51 26 12 1 80
44665 2 1 252
16 19 15 0 0
13436 1 44 101
20 60 4 1 1560
40097 1 9 1
42 37 5 1 1780
11974 3 63 187
62 0 43 3 380
61043 3 14 95
22 4 55 2 540
64205 2 39 120
55 62 44 1 100
2145 1 54 39
54 49 9 3 820
18987 3 44 198
24 44 17 2 220
50066 3 34 239
33 62 21 3 680
42515 1 4 123
22 44 27 3 900
39328 3 24 187
16 48 0 3 420
52158 3 12 47
62 45 46 1 620
18264 2 2 34
22 45 17 2 680
23203 2 56 95
56 8 50 2 1400
54272 1 14 42
32 23 41 1 2380
54128 2 25 229
42 5 13 0 0
21187 3 47 44
62 27 25 3 500
54627 2 6 69
33 15 57 1 2660
2762 1 41 106
62 57 40 3 340
63314 2 58 223
32 38 61 2 640
15488 2 51 146
55 45 63 3 720
39734 2 58 199
16 8 42 1 3360
50098 3 44 130
53 12 46 3 280
19048 2 24 248
42 31 29 1 3580
2510 2 50 202
10 56 17 3 40
11496 1 30 96
56 12 34 1 3740
31844 3 29 164
19 62 29 2 880
64138 3 48 68
55 9 28 3 900
59026 3 56 212
14 4 26 1 2340
55995 1 11 191
33 42 4 3 980
8253 1 46 161
29 55 22 1 460
1387 2 54 178
18 1 33 2 520
49915 3 20 97
40 15 10 0 0
63831 3 32 183
50 47 26 2 1460
32967 1 14 216
19 5 21 2 1940
7313 3 39 14
20 61 15 2 400
43589 1 12 94
19 29 10 3 400
21717 1 8 9
27 35 47 3 100
59694 1 9 44
48 61 4 2 1920
9150 3 19 96
4 6 9 3 440
40628 3 14 181
38 7 51 3 520
42795 3 30 14
20 29 7 1 2760
51985 2 3 214
6 24 58 0 0
1728 1 60 127
25 22 44 2 2360
12866 2 29 2
37 22 34 3 540
4380 3 48 118
37 48 58 0 0
13263 2 47 65
40 38 2 3 860
61445 1 57 24
57 35 27 2 2300
52147 2 12 123
50 62 19 2 2260
7253 3 61 106
21 47 51 1 1140
52643 3 1 62
52 29 15 3 560
21839 3 15 153
41 30 33 1 3600
33459 3 46 147
49 61 1 2 1920
1255 3 62 136
40 2 56 2 2140
37657 1 34 44
41 43 60 3 820
22884 1 32 106
2 49 25 2 820
48696 3 11 104
7 11 18 2 1800
64168 2 27 203
29 16 15 3 960
35324 3 52 207
32 30 8 3 440
54653 1 37 219
57 11 24 3 580
41891 3 45 215
8 43 49 2 660
32449 3 19 58
29 24 53 2 2160
59927 2 41 51
45 38 40 3 520
30745 3 47 198
