[000(00)] (05, 01, 03)	(1, 0140)	 59871	(3, 41, 242)
[001(01)] (10, 08, 02)	(3, 0240)	 57055	(1, 45, 090)
[002(02)] (05, 05, 00)	(3, 0960)	 59387	(2,  8, 163)
[003(03)] (05, 07, 06)	(3, 0340)	 56697	(1, 39, 198)
[004(04)] (09, 04, 04)	(0, 0000)	 51187	(1, 33, 135)
[005(05)] (11, 03, 07)	(3, 0620)	 63415	(3, 52, 234)
[006(06)] (07, 10, 12)	(1, 2720)	 56595	(3,  9, 175)
[007(07)] (00, 07, 08)	(3, 0620)	 59357	(1, 29, 170)
[008(08)] (07, 06, 03)	(0, 0000)	 63300	(2,  3, 190)
[009(09)] (06, 01, 12)	(3, 0120)	 53601	(3,  4, 179)
[010(0a)] (10, 05, 05)	(1, 3980)	 51361	(3, 48, 072)
[011(0b)] (03, 11, 10)	(2, 0940)	 59386	(1, 61, 115)
[012(0c)] (05, 11, 07)	(1, 3940)	 50842	(2, 60, 009)
[013(0d)] (04, 10, 03)	(2, 1280)	 59397	(2, 46, 080)
[014(0e)] (06, 09, 09)	(2, 0860)	 61353	(3, 47, 011)
[015(0f)] (05, 03, 04)	(3, 0540)	 54995	(2, 63, 202)
[016(10)] (02, 00, 04)	(2, 1160)	 64872	(3, 22, 078)
[017(11)] (10, 01, 06)	(1, 3440)	 62484	(2, 40, 162)
[018(12)] (01, 07, 06)	(2, 0280)	 61946	(3, 13, 226)
[019(13)] (01, 04, 07)	(3, 0980)	 52766	(3, 58, 112)
[020(14)] (11, 12, 12)	(1, 2200)	 62299	(1, 24, 168)
[021(15)] (04, 44, 27)	(1, 2540)	 46540	(3, 25, 155)
[022(16)] (09, 02, 37)	(0, 0000)	  9836	(1, 26, 205)
[023(17)] (35, 04, 63)	(2, 0720)	 51474	(3, 17, 222)
[024(18)] (50, 28, 44)	(1, 1960)	 35538	(1, 61, 035)
[025(19)] (05, 44, 59)	(3, 0160)	 26782	(2, 38, 011)
[026(1a)] (57, 32, 58)	(2, 2260)	 25940	(1, 56, 236)
[027(1b)] (25, 39, 51)	(0, 0000)	 26613	(3, 38, 227)
[028(1c)] (20, 19, 25)	(3, 0160)	 46002	(1, 50, 016)
[029(1d)] (40, 54, 05)	(0, 0000)	 45475	(1, 30, 188)
[030(1e)] (04, 56, 58)	(3, 0100)	 45598	(2, 26, 026)
[031(1f)] (26, 41, 42)	(1, 3060)	 26568	(3, 40, 179)
[032(20)] (08, 04, 19)	(0, 0000)	 55908	(3, 27, 153)
[033(21)] (16, 50, 23)	(2, 1540)	 14319	(2, 59, 229)
[034(22)] (37, 15, 08)	(3, 0360)	 65114	(1, 61, 096)
[035(23)] (42, 18, 50)	(1, 2900)	 38320	(1, 16, 053)
[036(24)] (40, 20, 38)	(0, 0000)	 17280	(1, 11, 168)
[037(25)] (07, 53, 37)	(2, 2260)	 47006	(2, 22, 128)
[038(26)] (41, 04, 30)	(1, 1680)	  9615	(2, 56, 089)
[039(27)] (19, 17, 45)	(0, 0000)	 13554	(1, 18, 236)
[040(28)] (23, 36, 05)	(3, 0200)	 35236	(3, 22, 124)
[041(29)] (00, 60, 59)	(2, 1380)	 62016	(3, 36, 097)
[042(2a)] (11, 35, 47)	(3, 0520)	 24049	(3, 27, 047)
[043(2b)] (58, 63, 47)	(3, 0660)	 65009	(3, 22, 031)
[044(2c)] (56, 45, 17)	(2, 2000)	 21847	(3, 35, 137)
[045(2d)] (20, 54, 35)	(2, 0380)	 32065	(2, 13, 131)
[046(2e)] (39, 24, 45)	(1, 3020)	 13746	(1, 25, 002)
[047(2f)] (24, 37, 10)	(2, 0000)	 49737	(3, 58, 165)
[048(30)] (22, 01, 52)	(2, 1180)	 20482	(1, 41, 108)
[049(31)] (09, 46, 16)	(3, 0100)	 62846	(2, 41, 122)
[050(32)] (38, 50, 52)	(2, 2420)	 14559	(1, 47, 055)
[051(33)] (42, 11, 08)	(3, 0680)	 15557	(2, 39, 094)
[052(34)] (46, 03, 40)	(1, 3520)	 26625	(3,  8, 237)
[053(35)] (18, 19, 25)	(3, 0460)	 55297	(2, 35, 086)
[054(36)] (26, 20, 24)	(3, 0540)	 10548	(2, 63, 069)
[055(37)] (35, 17, 06)	(2, 2060)	 23501	(3, 54, 021)
[056(38)] (01, 03, 47)	(1, 2180)	   262	(1, 61, 124)
[057(39)] (19, 34, 30)	(3, 0240)	 56886	(3, 20, 113)
[058(3a)] (37, 38, 62)	(0, 0000)	 62129	(2, 15, 075)
[059(3b)] (14, 58, 53)	(2, 2460)	 57274	(1, 27, 100)
[060(3c)] (63, 01, 43)	(3, 0620)	 11580	(3,  8, 103)
[061(3d)] (63, 13, 41)	(3, 0580)	 45832	(3, 63, 249)
[062(3e)] (60, 12, 42)	(3, 0080)	 30982	(2, 48, 244)
[063(3f)] (50, 45, 50)	(2, 1260)	  9773	(1, 11, 240)
[064(40)] (00, 16, 11)	(3, 0160)	 11007	(2, 61, 023)
[065(41)] (31, 14, 20)	(2, 2220)	   725	(1, 58, 188)
[066(42)] (39, 13, 62)	(0, 0000)	 39781	(3, 28, 213)
[067(43)] (24, 01, 22)	(3, 0420)	 51960	(2,  9, 062)
[068(44)] (05, 22, 14)	(0, 0000)	  8766	(1, 63, 002)
[069(45)] (06, 57, 35)	(1, 3720)	 64731	(3, 13, 222)
[070(46)] (12, 22, 09)	(2, 1840)	 60885	(1,  2, 007)
[071(47)] (13, 24, 61)	(0, 0000)	 58666	(1, 17, 164)
[072(48)] (35, 15, 18)	(2, 0340)	 32558	(3,  7, 097)
[073(49)] (21, 21, 17)	(3, 0120)	  1145	(2, 25, 247)
[074(4a)] (45, 30, 19)	(3, 0820)	 19094	(2, 12, 171)
[075(4b)] (29, 36, 13)	(2, 1880)	  1882	(3, 37, 238)
[076(4c)] (43, 38, 36)	(0, 0000)	 45111	(1, 42, 168)
[077(4d)] (44, 59, 42)	(3, 0360)	 12498	(2, 56, 071)
[078(4e)] (43, 38, 14)	(2, 0520)	  5033	(1, 16, 108)
[079(4f)] (58, 59, 00)	(3, 0840)	 64689	(3, 31, 248)
[080(50)] (54, 07, 22)	(2, 1180)	 19775	(2, 59, 004)
[081(51)] (32, 34, 10)	(3, 0060)	 31149	(1, 10, 003)
[082(52)] (32, 13, 34)	(3, 0280)	 16809	(3, 57, 135)
[083(53)] (56, 22, 21)	(3, 0820)	  6846	(1, 47, 015)
[084(54)] (24, 50, 43)	(2, 1600)	 44015	(3, 12, 090)
[085(55)] (24, 48, 53)	(3, 0360)	 26564	(3, 19, 009)
[086(56)] (26, 42, 37)	(3, 0020)	 19685	(2, 47, 071)
[087(57)] (20, 26, 49)	(2, 2260)	 41813	(3,  8, 118)
[088(58)] (27, 53, 49)	(0, 0000)	 56759	(2, 58, 040)
[089(59)] (49, 46, 37)	(1, 3080)	  6238	(1, 47, 098)
[090(5a)] (28, 23, 25)	(3, 0840)	 28387	(2, 38, 209)
[091(5b)] (60, 51, 31)	(2, 1200)	 16027	(2,  5, 049)
[092(5c)] (13, 59, 28)	(1, 2160)	 29298	(2, 23, 002)
[093(5d)] (27, 53, 30)	(1, 2840)	 65254	(1, 52, 212)
[094(5e)] (04, 12, 36)	(3, 0560)	 26881	(3, 37, 128)
[095(5f)] (48, 18, 27)	(3, 0500)	 21556	(1, 52, 067)
[096(60)] (08, 49, 63)	(2, 2440)	 49751	(1, 33, 007)
[097(61)] (30, 33, 09)	(3, 0220)	 33077	(2, 37, 029)
[098(62)] (46, 48, 47)	(0, 0000)	 47646	(2, 15, 129)
[099(63)] (34, 32, 63)	(2, 0920)	 35171	(1, 27, 017)
[100(64)] (54, 24, 57)	(2, 1780)	 31706	(3, 33, 075)
[101(65)] (08, 61, 34)	(3, 0600)	  1234	(3, 57, 254)
[102(66)] (21, 11, 08)	(2, 0160)	 47482	(3, 18, 203)
[103(67)] (28, 15, 46)	(3, 0760)	 63616	(2, 41, 229)
[104(68)] (63, 41, 13)	(2, 0420)	 32356	(2, 59, 164)
[105(69)] (60, 42, 46)	(1, 3760)	 52689	(1, 42, 103)
[106(6a)] (42, 43, 12)	(1, 2000)	 34373	(3, 24, 097)
[107(6b)] (43, 28, 39)	(1, 2340)	 19666	(2, 24, 002)
[108(6c)] (40, 17, 55)	(2, 1580)	  3829	(3,  5, 096)
[109(6d)] (52, 10, 54)	(2, 1540)	 56289	(2, 36, 040)
[110(6e)] (03, 15, 29)	(3, 0020)	 42269	(2, 48, 148)
[111(6f)] (28, 40, 57)	(3, 0920)	 18106	(1,  3, 087)
[112(70)] (55, 25, 31)	(2, 0620)	 51351	(1,  3, 221)
[113(71)] (47, 17, 08)	(3, 0380)	 22925	(3, 33, 209)
[114(72)] (46, 05, 27)	(2, 1940)	  4728	(3, 47, 021)
[115(73)] (07, 22, 51)	(2, 0360)	 65028	(1, 61, 153)
[116(74)] (38, 51, 02)	(3, 0440)	 30633	(2, 53, 040)
[117(75)] (35, 47, 33)	(2, 0200)	 55564	(2, 10, 199)
[118(76)] (19, 29, 07)	(3, 0740)	 38157	(1, 31, 107)
[119(77)] (39, 00, 16)	(3, 0300)	 11874	(2, 57, 230)
[120(78)] (23, 54, 32)	(1, 0040)	 28677	(2, 14, 237)
[121(79)] (06, 29, 13)	(0, 0000)	 34596	(1, 37, 153)
[122(7a)] (14, 50, 52)	(0, 0000)	 28653	(1,  8, 110)
[123(7b)] (29, 55, 50)	(2, 2340)	 43050	(2, 10, 121)
[124(7c)] (54, 50, 08)	(3, 0560)	 29375	(2, 54, 131)
[125(7d)] (42, 13, 45)	(3, 0680)	 44126	(3, 43, 013)
[126(7e)] (15, 54, 30)	(3, 0540)	  1269	(3, 16, 247)
[127(7f)] (07, 43, 16)	(1, 3540)	 10528	(3, 61, 065)
[128(80)] (62, 21, 30)	(3, 0960)	  1009	(1, 51, 017)
[129(81)] (43, 47, 43)	(2, 0400)	   100	(2, 14, 053)
[130(82)] (43, 42, 41)	(3, 0360)	 13323	(3,  9, 055)
[131(83)] (53, 59, 47)	(2, 0800)	 26048	(3, 29, 067)
[132(84)] (63, 42, 01)	(3, 0600)	 25343	(2, 22, 175)
[133(85)] (30, 35, 43)	(3, 0340)	 24013	(2, 18, 007)
[134(86)] (18, 37, 58)	(1, 2580)	 29011	(3, 45, 239)
[135(87)] (61, 37, 43)	(3, 0980)	 12739	(3, 47, 171)
[136(88)] (51, 49, 56)	(1, 1980)	 42236	(3, 21, 043)
[137(89)] (35, 31, 29)	(1, 0540)	 35312	(3, 55, 220)
[138(8a)] (26, 51, 44)	(3, 0720)	 55975	(3,  4, 118)
[139(8b)] (10, 50, 43)	(3, 0820)	 64734	(1,  3, 235)
[140(8c)] (09, 21, 13)	(2, 0820)	 47389	(1, 42, 030)
[141(8d)] (19, 07, 25)	(2, 0260)	 49744	(3,  6, 252)
[142(8e)] (45, 31, 44)	(0, 0000)	 38795	(1, 53, 222)
[143(8f)] (04, 42, 12)	(3, 0500)	  3007	(1, 52, 202)
[144(90)] (26, 16, 27)	(2, 1420)	 18743	(3, 49, 030)
[145(91)] (38, 19, 58)	(3, 0120)	 52124	(3, 29, 139)
[146(92)] (26, 27, 26)	(3, 0240)	 26446	(2, 46, 026)
[147(93)] (26, 14, 61)	(2, 1240)	 45105	(1, 55, 123)
[148(94)] (47, 43, 03)	(2, 0520)	  8356	(2, 18, 102)
[149(95)] (48, 20, 34)	(2, 0900)	 48477	(1, 38, 220)
[150(96)] (26, 44, 08)	(1, 1700)	 49382	(2, 18, 063)
[151(97)] (62, 43, 37)	(3, 0740)	 64110	(1, 54, 161)
[152(98)] (19, 48, 04)	(3, 0020)	 25760	(3, 49, 135)
[153(99)] (24, 49, 46)	(2, 1420)	 50909	(3,  4, 226)
[154(9a)] (19, 48, 13)	(1, 3260)	 46871	(1, 49, 019)
[155(9b)] (07, 36, 59)	(2, 2000)	 39033	(2,  6, 011)
[156(9c)] (06, 11, 39)	(1, 3020)	 44118	(1, 52, 227)
[157(9d)] (22, 20, 34)	(3, 0200)	 10050	(1, 60, 064)
[158(9e)] (63, 50, 39)	(3, 0020)	  3941	(2, 25, 002)
[159(9f)] (57, 16, 50)	(2, 0860)	 64907	(2,  5, 160)
[160(a0)] (04, 30, 56)	(2, 2160)	 60240	(1, 55, 116)
[161(a1)] (27, 51, 47)	(3, 0900)	 55509	(2, 42, 154)
[162(a2)] (14, 19, 61)	(1, 2620)	 23931	(2, 12, 099)
[163(a3)] (00, 61, 06)	(1, 1840)	 15810	(3, 53, 089)
[164(a4)] (37, 49, 07)	(3, 0480)	 10574	(3, 61, 045)
[165(a5)] (42, 42, 50)	(0, 0000)	 49498	(2, 20, 136)
[166(a6)] (17, 14, 11)	(0, 0000)	 45489	(2, 46, 055)
[167(a7)] (45, 34, 28)	(2, 1060)	 12855	(1, 32, 060)
[168(a8)] (05, 08, 55)	(1, 2340)	 21464	(3, 29, 214)
[169(a9)] (61, 18, 27)	(3, 0780)	 18760	(3, 35, 143)
[170(aa)] (62, 50, 48)	(3, 0960)	 50940	(2, 53, 220)
[171(ab)] (07, 16, 24)	(3, 0680)	 24951	(2, 49, 081)
[172(ac)] (31, 29, 43)	(2, 0540)	 25009	(3, 23, 023)
[173(ad)] (60, 37, 61)	(3, 0080)	 53325	(2, 52, 206)
[174(ae)] (14, 44, 51)	(2, 0960)	 65422	(2, 24, 154)
[175(af)] (36, 50, 62)	(0, 0000)	  2149	(2, 53, 198)
[176(b0)] (53, 29, 22)	(1, 3620)	 51385	(3, 49, 095)
[177(b1)] (23, 33, 27)	(2, 2060)	 16183	(3, 44, 211)
[178(b2)] (17, 39, 22)	(2, 1220)	 18808	(1,  4, 175)
[179(b3)] (12, 27, 15)	(1, 1080)	 33798	(3, 30, 033)
[180(b4)] (60, 18, 19)	(2, 2340)	 28066	(3, 43, 164)
[181(b5)] (31, 57, 08)	(2, 0040)	 18713	(3, 36, 241)
[182(b6)] (04, 13, 49)	(3, 0140)	 22594	(3, 38, 093)
[183(b7)] (47, 22, 60)	(2, 0820)	 12727	(1, 31, 121)
[184(b8)] (24, 37, 20)	(2, 1400)	 45711	(2, 16, 023)
[185(b9)] (52, 01, 42)	(0, 0000)	 51865	(3,  1, 184)
[186(ba)] (17, 34, 59)	(0, 0000)	 64928	(2, 32, 252)
[187(bb)] (59, 40, 11)	(3, 0300)	  4678	(2,  1, 025)
[188(bc)] (51, 00, 38)	(2, 1020)	 19286	(2, 15, 040)
[189(bd)] (17, 61, 31)	(1, 3500)	 35435	(1, 55, 047)
[190(be)] (09, 28, 04)	(2, 2120)	 16826	(2, 41, 131)
[191(bf)] (22, 46, 62)	(2, 1220)	 55538	(3, 14, 054)
[192(c0)] (19, 05, 46)	(0, 0000)	 17246	(3, 21, 253)
[193(c1)] (34, 12, 07)	(3, 0360)	 55222	(3, 57, 086)
[194(c2)] (08, 44, 40)	(3, 0620)	 12810	(3, 55, 045)
[195(c3)] (14, 44, 02)	(2, 1460)	 26556	(2, 50, 145)
[196(c4)] (04, 61, 44)	(3, 0620)	 60968	(2, 14, 180)
[197(c5)] (25, 34, 52)	(3, 0680)	 51116	(1, 30, 016)
[198(c6)] (21, 22, 62)	(2, 2320)	 63796	(1, 25, 141)
[199(c7)] (27, 58, 30)	(3, 0020)	   729	(1, 52, 058)
[200(c8)] (17, 08, 44)	(2, 0700)	 50027	(3, 16, 121)
[201(c9)] (26, 40, 35)	(3, 0300)	 62377	(3, 19, 094)
[202(ca)] (18, 05, 43)	(2, 0700)	 11874	(2, 59, 228)
[203(cb)] (24, 38, 36)	(3, 0640)	 37665	(3, 42, 206)
[204(cc)] (14, 54, 31)	(2, 1500)	  9648	(3, 31, 006)
[205(cd)] (36, 34, 06)	(3, 0400)	 33132	(1, 39, 172)
[206(ce)] (20, 18, 57)	(1, 0900)	 59075	(1, 56, 087)
[207(cf)] (10, 60, 20)	(0, 0000)	 43404	(1, 39, 145)
[208(d0)] (27, 00, 60)	(1, 2100)	 61594	(2,  8, 226)
[209(d1)] (45, 24, 16)	(3, 0140)	 50892	(1, 50, 157)
[210(d2)] (62, 30, 58)	(3, 0720)	   632	(1, 34, 028)
[211(d3)] (01, 19, 20)	(2, 1700)	  5502	(1, 40, 154)
[212(d4)] (46, 60, 39)	(2, 2280)	  6695	(2, 29, 196)
[213(d5)] (06, 62, 03)	(2, 2420)	 12077	(2, 30, 214)
[214(d6)] (33, 46, 31)	(3, 0120)	 30906	(2,  8, 033)
[215(d7)] (38, 16, 37)	(2, 1700)	 15463	(3,  3, 074)
[216(d8)] (39, 49, 52)	(2, 1340)	 56502	(3, 12, 174)
[217(d9)] (16, 55, 37)	(2, 0900)	 36227	(3, 14, 194)
[218(da)] (55, 39, 04)	(0, 0000)	 40038	(3, 29, 079)
[219(db)] (18, 30, 55)	(3, 0800)	 13816	(3,  6, 138)
[220(dc)] (10, 15, 57)	(1, 1960)	  8863	(2, 57, 111)
[221(dd)] (51, 55, 52)	(3, 0640)	 50694	(2, 18, 132)
[222(de)] (62, 17, 02)	(2, 2400)	 60906	(1, 62, 201)
[223(df)] (34, 25, 38)	(1, 2540)	 48511	(2, 57, 179)
[224(e0)] (48, 34, 23)	(2, 0600)	 61838	(1, 12, 135)
[225(e1)] (00, 13, 05)	(1, 3060)	 59818	(2, 12, 058)
[226(e2)] (39, 28, 00)	(1, 1080)	 50669	(2, 16, 124)
[227(e3)] (11, 18, 03)	(2, 1760)	 41277	(3, 28, 250)
[228(e4)] (36, 54, 24)	(1, 2140)	 38503	(1, 50, 241)
[229(e5)] (07, 01, 09)	(2, 1700)	 32756	(2, 54, 155)
[230(e6)] (43, 59, 50)	(1, 2820)	 24550	(3, 39, 114)
[231(e7)] (51, 46, 42)	(3, 0160)	  8166	(1, 40, 215)
[232(e8)] (47, 48, 44)	(3, 0220)	   879	(3, 15, 153)
[233(e9)] (46, 53, 46)	(2, 0360)	 11460	(1, 11, 155)
[234(ea)] (59, 54, 54)	(1, 1240)	  1608	(2, 19, 067)
[235(eb)] (57, 57, 43)	(3, 0020)	 19288	(2,  8, 217)
[236(ec)] (57, 50, 45)	(2, 2480)	 22177	(1, 57, 072)
[237(ed)] (40, 42, 48)	(3, 0780)	 27558	(2, 26, 094)
[238(ee)] (48, 55, 55)	(2, 0300)	 18202	(1, 30, 099)
[239(ef)] (56, 49, 43)	(2, 0660)	 23182	(1, 40, 093)
[240(f0)] (41, 41, 56)	(2, 1100)	 22309	(2, 39, 096)
[241(f1)] (56, 56, 46)	(0, 0000)	 27705	(3, 20, 082)
[242(f2)] (50, 57, 51)	(1, 0460)	 13894	(2, 19, 131)
[243(f3)] (49, 56, 59)	(2, 0100)	 19666	(3, 30, 141)
[244(f4)] (58, 53, 41)	(2, 1880)	  2852	(3, 18, 005)
[245(f5)] (51, 45, 60)	(3, 0880)	  6812	(2, 25, 165)
[246(f6)] (43, 58, 43)	(3, 0280)	 19470	(1, 38, 088)
[247(f7)] (47, 58, 54)	(1, 0580)	  6023	(2, 33, 171)
[248(f8)] (54, 47, 58)	(3, 0560)	 12808	(1, 51, 240)
[249(f9)] (41, 53, 60)	(3, 0900)	 16752	(3, 57, 065)
[250(fa)] (56, 54, 47)	(2, 2260)	 22752	(3,  5, 158)
[251(fb)] (40, 51, 51)	(3, 0460)	 29620	(3, 37, 225)
[252(fc)] (54, 45, 56)	(3, 0440)	 14375	(1, 38, 176)
[253(fd)] (50, 42, 49)	(3, 0920)	   590	(2, 17, 143)
[254(fe)] (40, 44, 54)	(1, 2760)	  1622	(3,  6, 015)
[255(ff)] (48, 60, 47)	(1, 0880)	  9049	(3,  8, 082)
