1 1
7 6 9 19 17 31 10 12 9 13 26 11 18 27 3 6
28 2 20 24 27 8 7 13 22 26 14 3 19 31 9 26
6 18 13 23 17 24 3 26 5 29 5 23 24 9 30 20
11 18 13 6 27 20 20 17 14 2 20 1 1 29 28 7
16 9 30 1 1 1 28 7 30 1 30 23 10 28 11 22
15 24 28 10 12 16 27 27 18 15 28 20 12 24 27 28
2 26 30 3 27 26 10 26 27 9 17 6 5 28 28 20
21 24 30 1 9 25 28 27 8 25 15 21 17 11 17 19
5 15 23 0 9 1 26 5 10 11 11 16 8 7 4 29
31 3 30 8 28 27 4 5 20 19 26 5 30 11 25 3
27 16 4 4 17 30 9 28 10 20 12 18 27 16 15 27
19 13 3 16 8 7 21 28 27 15 2 25 26 27 29 21
11 1 26 28 31 3 24 9 24 4 27 19 21 10 14 8
24 18 24 0 25 13 29 20 28 31 14 23 26 11 12 5
12 6 1 11 10 26 21 2 30 16 21 19 27 4 28 19
22 20 19 15 2 16 4 30 15 18 21 9 29 2 14 9
